0  0  0  0  0  0  0  0  0  0  0  0  0  0  1  1  0  0  0  0  0  0  0  0  0  0  0  0  0  0  0  0  0  0  0  0  0  0  0  0  0  0  0  0  0  0  0  0  0  0  
0  0  0  0  0  0  0  1  0  0  1  0  0  1  0  1  0  1  1  0  1  0  0  0  0  0  1  0  0  0  0  0  0  0  0  0  0  0  0  0  0  0  0  0  0  0  0  0  0  0  
0  0  0  0  0  0  0  1  4  3  11  8  7  15  16  12  13  14  7  4  8  3  1  8  1  0  2  1  1  0  0  1  2  3  1  4  0  2  1  0  0  0  0  0  0  0  0  0  0  0  
0  0  0  0  0  0  0  8  17  35  65  76  95  127  98  131  116  94  72  59  35  38  45  16  16  20  22  14  11  14  11  21  9  17  8  7  11  7  7  1  2  2  1  2  0  0  0  0  0  0  
0  0  0  0  2  9  19  42  118  213  364  523  651  785  780  761  684  549  481  373  273  234  225  178  130  116  95  84  94  73  61  70  82  86  82  75  71  53  47  23  25  15  4  1  1  0  0  0  0  0  
0  0  0  0  9  28  56  206  490  1009  1702  2649  3272  3817  3849  3586  3279  2819  2351  1889  1505  1226  1020  823  658  562  500  424  405  411  364  361  377  385  361  351  334  279  218  212  125  61  37  10  6  0  0  0  0  0  
0  0  0  0  19  56  256  768  2011  4039  6757  9928  12760  14567  14720  14208  12807  10901  8947  7203  5875  4672  3798  3238  2592  2109  1905  1756  1569  1564  1470  1438  1423  1394  1394  1351  1310  1113  918  649  392  233  100  39  16  1  0  0  0  0  
0  1  1  8  42  206  768  2362  5972  12123  20742  30627  39328  44534  46037  43757  39272  33753  27575  22345  17979  14332  11775  9729  8074  6931  6044  5277  4801  4698  4420  4337  4414  4456  4392  4166  3976  3488  2773  2057  1335  735  330  106  46  9  1  0  0  0  
0  0  4  17  118  490  2011  5972  15012  30160  51374  75782  97129  110809  114048  108908  97082  82984  68587  55247  44608  35763  29068  23928  20065  17178  14894  13341  12323  11526  11182  11040  10859  10794  10952  10671  10174  9040  7209  5298  3387  1946  855  330  110  22  2  1  0  0  
0  0  3  35  213  1009  4039  12123  30160  60990  105418  154361  198984  226501  233541  222358  198192  169422  140132  113832  91173  73465  59889  48855  41428  35379  30774  27837  25002  23715  23023  22294  22589  23016  23065  22918  21192  18850  14917  11022  7088  3858  1857  702  203  40  11  1  0  0  
0  1  11  65  364  1702  6757  20742  51374  105418  181504  265701  341961  388876  401408  382823  341680  291849  241807  195650  157937  126942  102870  84700  70855  60807  53189  47795  43690  41113  39883  38980  39476  39882  40548  39831  37407  33244  26842  19437  12732  6889  3166  1249  371  106  18  3  0  0  
0  0  8  76  523  2649  9928  30627  75782  154361  265701  390988  501718  572782  590207  562175  501470  428940  354194  288086  231885  186427  151879  123884  104979  89748  78272  70309  65117  61575  60036  59517  59664  60845  61150  60122  57333  50527  41354  30163  19533  10661  5024  1876  538  117  26  7  0  0  
0  0  7  95  651  3272  12760  39328  97129  198984  341961  501718  643720  729969  755311  720129  645400  549465  455287  369294  297269  240486  194946  161357  135173  115509  101579  91620  84467  80019  78110  77958  78807  80256  81709  81023  76286  67873  55348  40347  25919  14361  6696  2603  757  203  32  2  0  0  
0  1  15  127  785  3817  14567  44534  110809  226501  388876  572782  729969  833092  861399  821490  736272  626709  517397  421057  339939  273790  222371  183931  154613  133117  116463  105958  98097  93850  91633  91575  92880  95391  97586  96363  91751  81978  66874  49334  31854  17607  8177  3140  982  212  40  7  1  0  
1  0  16  98  780  3849  14720  46037  114048  233541  401408  590207  755311  861399  888416  847714  759585  647900  536791  436122  352316  284223  231597  191259  161730  138454  121992  110465  103031  99314  97825  99041  101275  104061  107039  106415  101537  90405  74739  54219  35467  19579  9106  3549  1098  277  53  9  0  0  
1  1  12  131  761  3586  14208  43757  108908  222358  382823  562175  720129  821490  847714  809254  725966  619416  512811  417190  336410  271799  222414  184026  155413  135130  118564  108022  101498  98154  97184  99382  102250  106847  109897  110274  105933  95254  77929  57450  37195  20663  9607  3556  1170  284  58  7  0  0  
0  0  13  116  684  3279  12807  39272  97082  198192  341680  501470  645400  736272  759585  725966  647944  554179  460950  374924  302768  244680  200219  166638  141495  122673  109616  100328  94589  92531  93003  95311  99638  103904  107304  109266  105728  95044  78242  58512  37494  20815  9894  3747  1168  271  67  6  0  0  
0  1  14  94  549  2819  10901  33753  82984  169422  291849  428940  549465  626709  647900  619416  554179  474804  394505  321990  260041  212056  173652  144807  124156  108755  96775  89336  84939  84021  85713  87884  93685  98976  103945  106367  102874  93222  77073  57487  36974  20655  9688  3695  1180  274  58  6  0  0  
0  1  7  72  481  2351  8947  27575  68587  140132  241807  354194  455287  517397  536791  512811  460950  394505  328398  268906  217922  177248  145752  123110  104979  92209  83667  78377  75539  75554  77571  81438  87282  93424  99211  101527  99728  90969  75860  56448  36902  20304  9621  3794  1167  279  59  13  0  0  
0  0  4  59  373  1889  7203  22345  55247  113832  195650  288086  369294  421057  436122  417190  374924  321990  268906  220062  178852  146483  121481  103005  88514  78433  72187  68010  66391  67516  70332  75802  82427  88870  95300  99557  97619  89482  75053  55777  36432  20522  9649  3723  1186  279  53  7  1  0  
0  1  8  35  273  1505  5875  17979  44608  91173  157937  231885  297269  339939  352316  336410  302768  260041  217922  178852  146898  120835  100320  85907  74922  66837  62210  59780  59576  61588  65454  70766  78454  86506  93778  98630  97128  89862  75338  56971  36694  20620  9831  3791  1192  277  62  16  2  0  
0  0  3  38  234  1226  4672  14332  35763  73465  126942  186427  240486  273790  284223  271799  244680  212056  177248  146483  120835  99520  83575  71893  63550  57880  54756  53352  54246  56967  62392  68860  76818  85792  93846  99031  99227  91877  77637  58091  38764  21796  10122  3932  1215  315  71  13  2  0  
0  0  1  45  225  1020  3798  11775  29068  59889  102870  151879  194946  222371  231597  222414  200219  173652  145752  121481  100320  83575  71410  62228  55435  52076  49609  49143  50502  54767  60301  68078  77641  87537  96774  103185  103917  97474  82221  62116  41536  23186  11124  4296  1355  366  65  8  0  0  
0  0  8  16  178  823  3238  9729  23928  48855  84700  123884  161357  183931  191259  184026  166638  144807  123110  103005  85907  71893  62228  54718  49938  47378  46165  46869  49598  54306  61059  69880  80809  92316  102976  109874  112061  104745  89190  68008  44590  25489  12087  4700  1466  345  69  5  2  0  
0  0  1  16  130  658  2592  8074  20065  41428  70855  104979  135173  154613  161730  155413  141495  124156  104979  88514  74922  63550  55435  49938  45496  44492  44848  46530  50398  56065  63977  74639  86790  99948  113338  121896  123290  116634  99219  75181  50053  28339  13425  5302  1598  430  59  7  1  0  
0  0  0  20  116  562  2109  6931  17178  35379  60807  89748  115509  133117  138454  135130  122673  108755  92209  78433  66837  57880  52076  47378  44492  43532  44965  47704  52589  59702  69217  81889  96856  112330  127650  138422  140501  133437  114272  86485  57253  32359  15420  6041  1949  435  83  8  0  0  
0  1  2  22  95  500  1905  6044  14894  30774  53189  78272  101579  116463  121992  118564  109616  96775  83667  72187  62210  54756  49609  46165  44848  44965  47142  49950  56657  65979  77579  92864  109984  128521  147628  160855  163642  155518  132641  101013  67319  37836  18156  7034  2145  537  94  14  2  0  
0  0  1  14  84  424  1756  5277  13341  27837  47795  70309  91620  105958  110465  108022  100328  89336  78377  68010  59780  53352  49143  46869  46530  47704  49950  55758  63519  74967  89558  107611  129089  152592  174846  191027  196403  185303  159848  121332  80311  45472  21609  8450  2750  678  114  15  2  0  
0  0  1  11  94  405  1569  4801  12323  25002  43690  65117  84467  98097  103031  101498  94589  84939  75539  66391  59576  54246  50502  49598  50398  52589  56657  63519  73418  87653  106187  128124  153836  183191  210635  230213  237619  225841  193842  147619  98101  55265  26444  10405  3334  767  202  20  6  0  
0  0  0  14  73  411  1564  4698  11526  23715  41113  61575  80019  93850  99314  98154  92531  84021  75554  67516  61588  56967  54767  54306  56065  59702  65979  74967  87653  105092  127552  154931  187804  223528  258224  284065  291719  279441  239570  183731  121848  68972  32684  12811  4075  964  185  22  1  0  
0  0  0  11  61  364  1470  4420  11182  23023  39883  60036  78110  91633  97825  97184  93003  85713  77571  70332  65454  62392  60301  61059  63977  69217  77579  89558  106187  127552  155286  189188  230674  276686  318067  351718  364136  346661  298347  228021  151786  85937  40599  15906  4879  1148  213  24  1  1  
0  0  1  21  70  361  1438  4337  11040  22294  38980  59517  77958  91575  99041  99382  95311  87884  81438  75802  70766  68860  68078  69880  74639  81889  92864  107611  128124  154931  189188  233706  284925  340495  394445  434919  450256  430087  370306  283489  188289  106365  50969  19776  6210  1483  311  38  6  1  
0  0  2  9  82  377  1423  4414  10859  22589  39476  59664  78807  92880  101275  102250  99638  93685  87282  82427  78454  76818  77641  80809  86790  96856  109984  129089  153836  187804  230674  284925  348608  417508  483487  535582  554618  529626  456981  348301  232071  131575  62519  24612  7818  1856  357  41  4  0  
0  0  3  17  86  385  1394  4456  10794  23016  39882  60845  80256  95391  104061  106847  103904  98976  93424  88870  86506  85792  87537  92316  99948  112330  128521  152592  183191  223528  276686  340495  417508  500740  583081  643664  667564  637042  549313  420072  279185  158896  75232  29308  9319  2223  435  76  5  0  
0  0  1  8  82  361  1394  4392  10952  23065  40548  61150  81709  97586  107039  109897  107304  103945  99211  95300  93778  93846  96774  102976  113338  127650  147628  174846  210635  258224  318067  394445  483487  583081  677490  748497  777195  742361  639609  489270  325480  185158  88192  34472  10823  2795  502  74  8  2  
0  0  4  7  75  351  1351  4166  10671  22918  39831  60122  81023  96363  106415  110274  109266  106367  101527  99557  98630  99031  103185  109874  121896  138422  160855  191027  230213  284065  351718  434919  535582  643664  748497  829582  859778  822383  709746  541832  362505  204565  97195  38277  12184  2898  570  89  8  2  
0  0  0  11  71  334  1310  3976  10174  21192  37407  57333  76286  91751  101537  105933  105728  102874  99728  97619  97128  99227  103917  112061  123290  140501  163642  196403  237619  291719  364136  450256  554618  667564  777195  859778  892422  853150  735161  561470  374392  212626  100396  39396  12335  3170  628  95  11  0  
0  0  2  7  53  279  1113  3488  9040  18850  33244  50527  67873  81978  90405  95254  95044  93222  90969  89482  89862  91877  97474  104745  116634  133437  155518  185303  225841  279441  346661  430087  529626  637042  742361  822383  853150  813644  701800  536344  357205  203242  96251  38045  12048  2937  575  93  9  2  
0  0  1  7  47  218  918  2773  7209  14917  26842  41354  55348  66874  74739  77929  78242  77073  75860  75053  75338  77637  82221  89190  99219  114272  132641  159848  193842  239570  298347  370306  456981  549313  639609  709746  735161  701800  607206  462936  308381  175107  83548  32840  10417  2552  491  70  13  0  
0  0  0  1  23  212  649  2057  5298  11022  19437  30163  40347  49334  54219  57450  58512  57487  56448  55777  56971  58091  62116  68008  75181  86485  101013  121332  147619  183731  228021  283489  348301  420072  489270  541832  561470  536344  462936  355534  235714  133774  63436  24738  7603  1932  400  49  4  0  
0  0  0  2  25  125  392  1335  3387  7088  12732  19533  25919  31854  35467  37195  37494  36974  36902  36432  36694  38764  41536  44590  50053  57253  67319  80311  98101  121848  151786  188289  232071  279185  325480  362505  374392  357205  308381  235714  157928  88708  42452  16823  5183  1245  240  35  5  0  
0  0  0  2  15  61  233  735  1946  3858  6889  10661  14361  17607  19579  20663  20815  20655  20304  20522  20620  21796  23186  25489  28339  32359  37836  45472  55265  68972  85937  106365  131575  158896  185158  204565  212626  203242  175107  133774  88708  50334  23977  9603  2991  720  133  34  1  0  
0  0  0  1  4  37  100  330  855  1857  3166  5024  6696  8177  9106  9607  9894  9688  9621  9649  9831  10122  11124  12087  13425  15420  18156  21609  26444  32684  40599  50969  62519  75232  88192  97195  100396  96251  83548  63436  42452  23977  11510  4424  1457  389  61  9  0  0  
0  0  0  2  1  10  39  106  330  702  1249  1876  2603  3140  3549  3556  3747  3695  3794  3723  3791  3932  4296  4700  5302  6041  7034  8450  10405  12811  15906  19776  24612  29308  34472  38277  39396  38045  32840  24738  16823  9603  4424  1712  531  145  29  5  0  0  
0  0  0  0  1  6  16  46  110  203  371  538  757  982  1098  1170  1168  1180  1167  1186  1192  1215  1355  1466  1598  1949  2145  2750  3334  4075  4879  6210  7818  9319  10823  12184  12335  12048  10417  7603  5183  2991  1457  531  164  34  8  3  1  0  
0  0  0  0  0  0  1  9  22  40  106  117  203  212  277  284  271  274  279  279  277  315  366  345  430  435  537  678  767  964  1148  1483  1856  2223  2795  2898  3170  2937  2552  1932  1245  720  389  145  34  10  1  0  0  0  
0  0  0  0  0  0  0  1  2  11  18  26  32  40  53  58  67  58  59  53  62  71  65  69  59  83  94  114  202  185  213  311  357  435  502  570  628  575  491  400  240  133  61  29  8  1  0  0  0  0  
0  0  0  0  0  0  0  0  1  1  3  7  2  7  9  7  6  6  13  7  16  13  8  5  7  8  14  15  20  22  24  38  41  76  74  89  95  93  70  49  35  34  9  5  3  0  0  0  0  0  
0  0  0  0  0  0  0  0  0  0  0  0  0  1  0  0  0  0  0  1  2  2  0  2  1  0  2  2  6  1  1  6  4  5  8  8  11  9  13  4  5  1  0  0  1  0  0  0  0  0  
0  0  0  0  0  0  0  0  0  0  0  0  0  0  0  0  0  0  0  0  0  0  0  0  0  0  0  0  0  0  1  1  0  0  2  2  0  2  0  0  0  0  0  0  0  0  0  0  0  0  
